acquire 1474
    0426 1474 1478 2210 2218
    2257 2277 2309 2355 2380
    2425 2458 2520 2532 2573
    2587 2622 2642 2689 2703
    2726 2739 2777 2817 2833
    3075 3092 3300 3772 3792
    4357 4396 4515 4581 4730
    4757 4774 4831 5079 5115
    5132 5161 5177 5187 5579
    5604 5618 6413 6433 6455
    7660 7794 7840 7876
allocproc 2205
    2205 2285 2344
allocuvm 1853
    0470 1853 1867 2323 6246
    6258
alltraps 3204
    3159 3167 3180 3185 3203
    3204
ALT 7410
    7410 7438 7440
argfd 5769
    5769 5806 5821 5833 5844
    5856
argint 3495
    0444 2827 3495 3508 3524
    3733 3756 3770 3855 3870
    3886 3888 5774 5821 5833
    6037 6110 6111 6157
argptr 3504
    0445 2830 3504 3811 5821
    5833 5856 6183
argstr 3521
    0446 3521 5868 5935 6037
    6086 6109 6128 6157
__attribute__ 1360
    0321 0414 1259 1360
BACK 8212
    8212 8327 8583 8839
backcmd 8250 8577
    8250 8264 8328 8577 8579
    8692 8805 8840
BACKSPACE 7723
    7723 7740 7772 7804 7810
balloc 4904
    4904 4924 5225 5233 5237
BBLOCK 4160
    4160 4911 4935
B_BUSY 3959
    3959 4389 4521 4522 4535
    4538 4567 4578 4590
B_DIRTY 3961
    3961 4343 4366 4371 4391
    4411 4535 4569 4839
begin_op 4728
    0385 2420 4728 5633 5707
    5871 5938 6040 6085 6108
    6127 6220
bfree 4929
    4929 5264 5274 5277
bget 4511
    4511 4543 4556
binit 4489
    0312 1281 4489
bmap 5218
    5022 5218 5244 5319 5346
bootmain 8967
    8913 8967
BPB 4157
    4157 4160 4910 4912 4936
bread 4552
    0313 4552 4677 4678 4690
    4706 4788 4789 4882 4893
    4911 4935 5038 5059 5139
    5234 5270 5319 5346
brelse 4576
    0314 4576 4579 4681 4682
    4697 4714 4792 4793 4884
    4896 4917 4922 4942 5044
    5047 5068 5147 5240 5276
    5322 5350
BSIZE 4105
    3957 4105 4123 4151 4157
    4331 4345 4367 4658 4679
    4790 4894 5319 5320 5321
    5342 5346 5347 5348
buf 3950
    0300 0313 0314 0315 0357
    0384 2006 2009 2018 2020
    3950 3954 3955 3956 4262
    4278 4281 4325 4354 4385
    4387 4390 4477 4481 4485
    4491 4498 4510 4513 4551
    4554 4565 4576 4605 4677
    4678 4690 4691 4697 4706
    4707 4713 4714 4788 4789
    4822 4869 4880 4891 4907
    4931 5034 5056 5126 5221
    5259 5305 5332 7629 7640
    7644 7647 7781 7802 7816
    7850 7871 7878 8337 8340
    8341 8342 8456 8468 8470
    8473 8474 8475 8479 8480
    8485
B_VALID 3960
    3960 4370 4391 4411 4557
bwrite 4565
    0315 4565 4568 4680 4713
    4791
bzero 4889
    4889 4918
C 7431 7787
    7431 7479 7504 7505 7506
    7507 7508 7510 7787 7797
    7800 7807 7818 7851
CAPSLOCK 7412
    7412 7445 7586
cgaputc 7728
    7728 7776
clearpteu 1929
    0479 1929 1935 6260
cli 0607
    0607 0609 1176 1560 7710
    7767 8862
cmd 8216
    8216 8228 8237 8238 8243
    8244 8252 8257 8261 8270
    8273 8278 8286 8292 8296
    8304 8328 8330 8419 8431
    8435 8436 8513 8516 8518
    8519 8520 8521 8524 8525
    8527 8529 8530 8531 8532
    8533 8534 8535 8536 8537
    8550 8551 8553 8555 8556
    8557 8558 8559 8560 8563
    8564 8566 8568 8569 8570
    8571 8572 8573 8576 8577
    8579 8581 8582 8583 8584
    8585 8662 8663 8664 8665
    8667 8671 8674 8680 8681
    8684 8687 8689 8692 8696
    8698 8700 8703 8705 8708
    8710 8713 8714 8725 8728
    8731 8735 8750 8753 8758
    8762 8763 8766 8771 8772
    8778 8787 8788 8794 8795
    8801 8802 8811 8814 8816
    8822 8823 8828 8834 8840
    8841 8844
CMOS_PORT 7085
    7085 7099 7100 7138
CMOS_RETURN 7086
    7086 7141
CMOS_STATA 7125
    7125 7173
CMOS_STATB 7126
    7126 7166
CMOS_UIP 7127
    7127 7173
COM1 7963
    7963 7973 7976 7977 7978
    7979 7980 7981 7984 7990
    7991 8007 8009 8017 8019
commit 4801
    4653 4773 4801
CONSOLE 4237
    4237 7890 7891
consoleinit 7886
    0318 1277 7886
consoleintr 7790
    0320 7598 7790 8025
consoleread 7833
    7833 7891
consolewrite 7871
    7871 7890
consputc 7764
    7616 7647 7668 7686 7689
    7693 7694 7764 7804 7810
    7817 7878
context 2097
    0301 0423 2061 2097 2116
    2250 2251 2252 2253 2537
    2592 2634 2794
CONV 7182
    7182 7183 7184 7185 7186
    7187 7188 7189
copyout 2004
    0478 2004 6268 6279
copyuvm 1953
    0475 1953 1964 1966 2351
cprintf 7652
    0319 1274 1314 1867 2630
    2788 2796 2798 3324 3332
    3337 3651 3655 3802 5022
    6869 6889 7061 7262 7652
    7712 7713 7714 7717
cpu 2059
    0360 1274 1314 1316 1328
    1406 1466 1487 1508 1546
    1561 1562 1570 1572 1618
    1631 1637 1776 1777 1778
    1779 2059 2069 2073 2084
    2537 2592 2614 2620 2634
    2635 3299 3324 3325 3332
    3333 3337 3339 6763 6764
    7061 7712
cpunum 7051
    0375 1338 1624 7051 7273
    7282
CR0_PE 0777
    0777 1185 1209 8893
CR0_PG 0787
    0787 1100 1209
CR0_WP 0783
    0783 1100 1209
CR4_PSE 0789
    0789 1093 1202
create 5985
    5985 6005 6018 6022 6043
    6086 6112
CRTPORT 7724
    7724 7733 7734 7735 7736
    7756 7757 7758 7759
CTL 7409
    7409 7435 7439 7585
DAY 7132
    7132 7155
deallocuvm 1882
    0471 1868 1882 1916 2326
dequeue 2902
    2181 2220 2574 2902 2938
DEVSPACE 0204
    0204 1732 1745
devsw 4230
    4230 4235 5308 5310 5335
    5337 5561 7890 7891
dinode 4127
    4127 4151 5035 5039 5057
    5060 5127 5140
dirent 4165
    4165 5374 5405 5916 5931
dirlink 5402
    0337 5381 5402 5417 5425
    5891 6017 6021 6022
dirlookup 5371
    0338 5371 5377 5409 5494
    5950 5995
DIRSIZ 4163
    4163 4167 5365 5422 5458
    5459 5511 5865 5932 5989
dobuiltin 8431
    8431 8480
DPL_USER 0829
    0829 1627 1628 2292 2293
    3273 3347 3356
E0ESC 7416
    7416 7570 7574 7575 7577
    7580
elfhdr 1005
    1005 6215 8969 8974
ELF_MAGIC 1002
    1002 6231 8980
ELF_PROG_LOAD 1036
    1036 6242
end_op 4753
    0386 2422 4753 5635 5712
    5873 5880 5898 5907 5940
    5974 5980 6045 6050 6056
    6065 6069 6087 6091 6113
    6117 6129 6135 6140 6222
    6252 6305
enqueue 2873
    2180 2235 2280 2310 2356
    2382 2477 2644 2717 2746
    2873 2943
entry 1090
    1011 1086 1089 1090 3152
    3153 6292 6671 8971 8995
    8996
EOI 6966
    6966 7036 7075
ERROR 6987
    6987 7029
ESR 6969
    6969 7032 7033
exec 6210
    0324 6173 6210 8118 8179
    8180 8281 8282 9219
EXEC 8208
    8208 8277 8520 8815
execcmd 8220 8514
    8220 8265 8278 8514 8516
    8771 8777 8778 8806 8816
exit 2404
    0408 2404 2441 3289 3293
    3348 3357 3718 8066 8069
    8111 8176 8181 8271 8280
    8290 8333 8488 8495 9167
    9172 9221 9231 9280 9296
EXTMEM 0202
    0202 0208 1729
fdalloc 5788
    5788 5808 6061 6188
fetchint 3467
    0447 3467 3497 6164
fetchstr 3479
    0448 3479 3526 6170
file 4200
    0302 0327 0328 0329 0331
    0332 0333 0401 2119 4200
    4870 5558 5564 5574 5577
    5580 5601 5602 5614 5616
    5652 5665 5685 5763 5769
    5772 5788 5803 5817 5829
    5842 5853 6034 6180 6356
    6371 7610 7958 8229 8288
    8289 8525 8533 8722
filealloc 5575
    0327 5575 6061 6377
fileclose 5614
    0328 2415 5614 5620 5847
    6063 6191 6192 6404 6406
filedup 5602
    0329 2369 5602 5606 5810
fileinit 5568
    0330 1282 5568
fileread 5665
    0331 5665 5680 5823
filestat 5652
    0332 5652 5858
filewrite 5685
    0333 5685 5717 5722 5835
FL_IF 0760
    0760 1562 1568 2296 2618
    7058
fork 2338
    0409 2338 3712 8110 8173
    8175 8505 8507 9215
fork1 8501
    8255 8297 8307 8314 8329
    8484 8501
forkret 2653
    2174 2253 2653
freerange 3051
    3011 3034 3040 3051
freevm 1910
    0472 1910 1915 1978 2471
    6295 6302
FSSIZE 0162
    0162 4329
gatedesc 0951
    0573 0576 0951 3261
getbuiltin 8401
    8401 8426
getcallerpcs 1526
    0427 1488 1526 2794 7715
getcmd 8337
    8337 8468
gettoken 8606
    8606 8691 8695 8707 8720
    8721 8757 8761 8783
growproc 2317
    0410 2317 3759
havedisk1 4280
    4280 4314 4393
holding 1544
    0428 1477 1504 1544 2612
HOURS 7131
    7131 7154
ialloc 5031
    0339 5031 5049 6004 6005
IBLOCK 4154
    4154 5038 5059 5139
I_BUSY 4225
    4225 5133 5135 5158 5162
    5180 5182
ICRHI 6980
    6980 7039 7107 7119
ICRLO 6970
    6970 7040 7041 7108 7110
    7120
ID 6963
    6963 6999 7066
IDE_BSY 4265
    4265 4289
IDE_CMD_READ 4270
    4270 4347
IDE_CMD_WRITE 4271
    4271 4344
IDE_DF 4267
    4267 4291
IDE_DRDY 4266
    4266 4289
IDE_ERR 4268
    4268 4291
ideinit 4301
    0355 1283 4301
ideintr 4352
    0356 3308 4352
idelock 4277
    4277 4305 4357 4359 4378
    4396 4412 4415
iderw 4385
    0357 4385 4390 4392 4394
    4558 4570
idestart 4325
    4281 4325 4328 4334 4376
    4408
idewait 4285
    4285 4308 4336 4366
idtinit 3279
    0454 1315 3279
idup 5113
    0340 2370 5113 5481
iget 5075
    5026 5045 5075 5095 5389
    5479
iinit 5018
    0341 2664 5018
ilock 5124
    0342 5124 5130 5150 5484
    5655 5674 5708 5877 5890
    5903 5944 5952 5993 5997
    6007 6053 6132 6225 7845
    7865 7880
inb 0503
    0503 4289 4313 6904 7141
    7564 7567 7734 7736 7984
    7990 7991 8007 8017 8019
    8873 8881 9004
INITBUDGET 2056
    2056 2307 2926 2941
INITGID 2053
    2053 2306
initlock 1462
    0429 1462 2190 3032 3275
    4305 4493 4662 5020 5570
    6385 7888
initlog 4656
    0383 2665 4656 4659
INITUID 2052
    2052 2305
inituvm 1803
    0473 1803 1808 2289
inode 4212
    0303 0337 0338 0339 0340
    0342 0343 0344 0345 0346
    0348 0349 0350 0351 0352
    0474 1818 2120 4206 4212
    4231 4232 4873 5014 5026
    5030 5054 5074 5077 5083
    5112 5113 5124 5156 5175
    5202 5218 5256 5287 5302
    5329 5370 5371 5402 5406
    5473 5476 5508 5515 5866
    5913 5930 5984 5988 6035
    6083 6103 6125 6216 7833
    7871
INPUT_BUF 7779
    7779 7781 7802 7814 7816
    7818 7850
insl 0512
    0512 0514 4367 9023
install_trans 4672
    4672 4721 4806
INT_DISABLED 7219
    7219 7267
ioapic 7227
    6857 6879 6880 7224 7227
    7236 7237 7243 7244 7258
IOAPIC 7208
    7208 7258
ioapicenable 7273
    0360 4307 7273 7895 7993
ioapicid 6767
    0361 6767 6880 6897 7261
    7262
ioapicinit 7251
    0362 1276 7251 7262
ioapicread 7234
    7234 7259 7260
ioapicwrite 7241
    7241 7267 7268 7281 7282
IO_PIC1 7307
    7307 7320 7335 7344 7347
    7352 7362 7376 7377
IO_PIC2 7308
    7308 7321 7336 7365 7366
    7367 7370 7379 7380
IO_TIMER1 7909
    7909 7918 7928 7929
IPB 4151
    4151 4154 5039 5060 5140
iput 5175
    0343 2421 5175 5181 5205
    5410 5502 5634 5896 6139
IRQ_COM1 3133
    3133 3318 7992 7993
IRQ_ERROR 3135
    3135 7029
IRQ_IDE 3134
    3134 3307 3311 4306 4307
IRQ_KBD 3132
    3132 3314 7894 7895
IRQ_SLAVE 7310
    7310 7314 7352 7367
IRQ_SPURIOUS 3136
    3136 3323 7009
IRQ_TIMER 3131
    3131 3298 3352 7016 7930
isdirempty 5913
    5913 5920 5956
ismp 6765
    0389 1284 6765 6862 6870
    6890 6893 7255 7275
itrunc 5256
    4873 5184 5256
iunlock 5156
    0344 5156 5159 5204 5491
    5657 5677 5711 5886 6068
    6138 7838 7875
iunlockput 5202
    0345 5202 5486 5495 5498
    5879 5892 5895 5906 5957
    5968 5972 5979 5996 6000
    6024 6055 6064 6090 6116
    6134 6251 6304
iupdate 5054
    0346 5054 5186 5282 5355
    5885 5905 5966 5971 6011
    6015
I_VALID 4226
    4226 5138 5148 5178
kalloc 3087
    0365 1344 1663 1742 1809
    1865 1969 2233 3087 6379
KBDATAP 7404
    7404 7567
kbdgetc 7556
    7556 7598
kbdintr 7596
    0371 3315 7596
KBS_DIB 7403
    7403 7565
KBSTATP 7402
    7402 7564
KERNBASE 0207
    0207 0208 0212 0213 0217
    0218 0220 0221 1365 1533
    1729 1858 1916
KERNLINK 0208
    0208 1730
KEY_DEL 7428
    7428 7469 7491 7515
KEY_DN 7422
    7422 7465 7487 7511
KEY_END 7420
    7420 7468 7490 7514
KEY_HOME 7419
    7419 7468 7490 7514
KEY_INS 7427
    7427 7469 7491 7515
KEY_LF 7423
    7423 7467 7489 7513
KEY_PGDN 7426
    7426 7466 7488 7512
KEY_PGUP 7425
    7425 7466 7488 7512
KEY_RT 7424
    7424 7467 7489 7513
KEY_UP 7421
    7421 7465 7487 7511
kfree 3064
    0366 1898 1900 1920 1923
    2352 2469 3056 3064 3069
    6402 6423
kill 2735
    0411 2735 3338 3735 8117
kinit1 3030
    0367 1269 3030
kinit2 3038
    0368 1287 3038
KSTACKSIZE 0151
    0151 1104 1113 1345 1779
    2238
kvmalloc 1757
    0466 1270 1757
lapiceoi 7072
    0377 3305 3309 3316 3320
    3326 7072
lapicinit 7003
    0378 1272 1306 7003
lapicstartap 7091
    0379 1349 7091
lapicw 6996
    6996 7009 7015 7016 7017
    7020 7021 7026 7029 7032
    7033 7036 7039 7040 7045
    7075 7107 7108 7110 7119
    7120
lcr3 0640
    0640 1768 1783
lgdt 0562
    0562 0570 1183 1633 8891
lidt 0576
    0576 0584 3281
LINT0 6985
    6985 7020
LINT1 6986
    6986 7021
LIST 8211
    8211 8295 8570 8833
listcmd 8241 8564
    8241 8266 8296 8564 8566
    8696 8807 8834
loadgs 0601
    0601 1634
loaduvm 1818
    0474 1818 1824 1827 6248
log 4637 4650
    4637 4650 4662 4664 4665
    4666 4676 4677 4678 4690
    4693 4694 4695 4706 4709
    4710 4711 4722 4730 4732
    4733 4734 4736 4738 4739
    4757 4758 4759 4760 4761
    4763 4766 4768 4774 4775
    4776 4777 4787 4788 4789
    4803 4807 4826 4828 4831
    4832 4833 4836 4837 4838
    4840
logheader 4632
    4632 4644 4658 4659 4691
    4707
LOGSIZE 0160
    0160 4634 4734 4826 5700
log_write 4822
    0384 4822 4829 4895 4916
    4941 5043 5067 5238 5349
ltr 0588
    0588 0590 1780
makeint 8364
    8364 8385 8391
mappages 1679
    1679 1748 1811 1872 1972
MAXARG 0158
    0158 6153 6214 6265
MAXARGS 8214
    8214 8222 8223 8790
MAXFILE 4124
    4124 5342
MAXOPBLOCKS 0159
    0159 0160 0161 4734
memcmp 6515
    0435 6515 6795 6838 7176
memmove 6531
    0436 1335 1812 1971 2018
    4679 4790 4883 5066 5146
    5321 5348 5459 5461 6531
    6554 7751
memset 6504
    0437 1666 1744 1810 1871
    2252 2291 3072 4894 5041
    5961 6160 6504 7753 8340
    8519 8530 8556 8569 8582
microdelay 7081
    0380 7081 7109 7111 7121
    7139 8008
min 4872
    4872 5320 5347
MINS 7130
    7130 7153
MONTH 7133
    7133 7156
mp 6652
    6652 6758 6787 6794 6795
    6796 6805 6810 6814 6815
    6818 6819 6830 6833 6835
    6837 6844 6854 6860 6900
mpbcpu 6770
    0390 6770
MPBUS 6702
    6702 6883
mpconf 6663
    6663 6829 6832 6837 6855
mpconfig 6830
    6830 6860
mpenter 1302
    1302 1346
mpinit 6851
    0391 1271 6851 6869 6889
mpioapic 6689
    6689 6857 6879 6881
MPIOAPIC 6703
    6703 6878
MPIOINTR 6704
    6704 6884
MPLINTR 6705
    6705 6885
mpmain 1312
    1259 1290 1307 1312
mpproc 6678
    6678 6856 6867 6876
MPPROC 6701
    6701 6866
mpsearch 6806
    6806 6835
mpsearch1 6788
    6788 6814 6818 6821
multiboot_header 1075
    1074 1075
namecmp 5363
    0347 5363 5384 5947
namei 5509
    0348 2301 5509 5872 6049
    6128 6221
nameiparent 5516
    0349 5474 5489 5501 5516
    5888 5939 5991
namex 5474
    5474 5512 5518
NBUF 0161
    0161 4481 4498
ncpu 6766
    1274 1337 2074 4307 6766
    6868 6869 6873 6874 6875
    6895
NCPU 0152
    0152 2073 6763
NDEV 0156
    0156 5308 5335 5561
NDIRECT 4122
    4122 4124 4133 4223 5223
    5228 5232 5233 5262 5269
    5270 5277 5278
NELEM 0482
    0482 1747 2784 3643 6162
nextpid 2173
    2173 2229
NFILE 0154
    0154 5564 5580
NINDIRECT 4123
    4123 4124 5230 5272
NINODE 0155
    0155 5014 5083
NO 7406
    7406 7452 7455 7457 7458
    7459 7460 7462 7474 7477
    7479 7480 7481 7482 7484
    7502 7503 7505 7506 7507
    7508
NOFILE 0153
    0153 2119 2367 2413 5776
    5792
NPDENTRIES 0871
    0871 1361 1917
NPROC 0150
    0150 2164 2211 2279 2431
    2462 2521 2714 2740 2781
    2835
NPTENTRIES 0872
    0872 1894
NSEGS 2051
    1611 2051 2063
nulterminate 8802
    8665 8680 8802 8823 8829
    8830 8835 8836 8841
NUMLOCK 7413
    7413 7446
NUM_READY_LISTS 2054
    2054 2165 2570 2629 2937
    3888
O_CREATE 4003
    4003 6042 8728 8731
O_RDONLY 4000
    4000 6054 8725
O_RDWR 4002
    4002 6075 8164 8166 8460
outb 0521
    0521 4311 4320 4337 4338
    4339 4340 4341 4342 4344
    4347 6903 6904 7099 7100
    7138 7320 7321 7335 7336
    7344 7347 7352 7362 7365
    7366 7367 7370 7376 7377
    7379 7380 7733 7735 7756
    7757 7758 7759 7927 7928
    7929 7973 7976 7977 7978
    7979 7980 7981 8009 8878
    8886 9014 9015 9016 9017
    9018 9019
outsl 0533
    0533 0535 4345
outw 0527
    0527 1219 1221 3803 8919
    8921
O_WRONLY 4001
    4001 6074 6075 8728 8731
P2V 0218
    0218 1269 1287 6812 7101
    7725
panic 7705 8492
    0321 1478 1505 1569 1571
    1690 1746 1782 1808 1824
    1827 1898 1915 1935 1964
    1966 2288 2410 2441 2613
    2615 2617 2619 2677 2680
    3069 3334 4328 4330 4334
    4390 4392 4394 4543 4568
    4579 4659 4760 4827 4829
    4924 4939 5049 5095 5130
    5150 5159 5181 5244 5377
    5381 5417 5425 5606 5620
    5680 5717 5722 5920 5955
    5963 6005 6018 6022 7663
    7705 7712 7746 8256 8275
    8306 8492 8507 8678 8722
    8756 8760 8786 8791
panicked 7618
    7618 7718 7766
parseblock 8751
    8751 8756 8775
parsecmd 8668
    8257 8485 8668
parseexec 8767
    8664 8705 8767
parseline 8685
    8662 8674 8685 8696 8758
parsepipe 8701
    8663 8689 8701 8708
parseredirs 8714
    8714 8762 8781 8792
PCINT 6984
    6984 7026
pde_t 0103
    0103 0468 0469 0470 0471
    0472 0473 0474 0475 0478
    0479 1260 1320 1361 1610
    1654 1656 1679 1736 1739
    1742 1803 1818 1853 1882
    1910 1929 1952 1953 1955
    1984 2004 2110 6218
PDX 0862
    0862 1659
PDXSHIFT 0877
    0862 0868 0877 1365
peek 8651
    8651 8675 8690 8694 8706
    8719 8755 8759 8774 8782
PGROUNDDOWN 0880
    0880 1684 1685 2011
PGROUNDUP 0879
    0879 1863 1890 3054 6257
PGSIZE 0873
    0873 0879 0880 1360 1666
    1694 1695 1744 1807 1810
    1811 1823 1825 1829 1832
    1864 1871 1872 1891 1894
    1962 1971 1972 2015 2021
    2290 2297 3055 3068 3072
    6258 6260
PHYSTOP 0203
    0203 1287 1731 1745 1746
    3068
picenable 7325
    0395 4306 7325 7894 7930
    7992
picinit 7332
    0396 1275 7332
picsetmask 7317
    7317 7327 7383
pinit 2188
    0412 1279 2188
pipe 6361
    0304 0402 0403 0404 4205
    5631 5672 5692 6361 6373
    6379 6385 6389 6393 6411
    6429 6451 8113 8305 8306
PIPE 8210
    8210 8303 8557 8827
pipealloc 6371
    0401 6185 6371
pipeclose 6411
    0402 5631 6411
pipecmd 8235 8551
    8235 8267 8304 8551 8553
    8708 8808 8828
piperead 6451
    0403 5672 6451
PIPESIZE 6359
    6359 6363 6435 6443 6466
pipewrite 6429
    0404 5692 6429
popcli 1566
    0432 1521 1566 1569 1571
    1784
printint 7626
    7626 7676 7680
proc 2108
    0305 0407 0476 1255 1458
    1606 1638 1773 1779 2070
    2085 2108 2114 2130 2156
    2164 2171 2179 2180 2181
    2182 2204 2207 2211 2270
    2278 2280 2321 2323 2326
    2329 2330 2341 2351 2360
    2361 2362 2368 2369 2370
    2372 2376 2377 2406 2409
    2414 2415 2416 2421 2423
    2428 2431 2432 2439 2455
    2462 2463 2484 2490 2512
    2521 2528 2537 2542 2557
    2583 2592 2597 2616 2626
    2628 2629 2630 2631 2634
    2643 2644 2676 2694 2695
    2699 2712 2714 2737 2740
    2771 2781 2822 2835 2864
    2873 2901 2904 2922 2936
    3255 3288 3290 3292 3330
    3338 3339 3341 3347 3352
    3356 3455 3469 3483 3486
    3497 3510 3642 3644 3651
    3656 3657 3707 3741 3758
    3775 3822 3828 3835 3837
    3855 3858 3859 3870 3872
    3873 3890 3891 4257 4866
    5481 5761 5776 5793 5794
    5846 6139 6141 6190 6204
    6286 6289 6290 6291 6292
    6293 6294 6354 6436 6457
    6761 6856 6867 6868 6869
    6872 7613 7843 7960 9302
    9303
procdump 2760
    0413 2760 7828
proghdr 1024
    1024 6217 8970 8984
promote 2933
    2183 2933
PTE_ADDR 0894
    0894 1661 1828 1896 1919
    1967 1993
PTE_FLAGS 0895
    0895 1968
PTE_P 0883
    0883 1363 1365 1660 1670
    1689 1691 1895 1918 1965
    1989
PTE_PS 0890
    0890 1363 1365
pte_t 0898
    0898 1653 1657 1661 1663
    1682 1821 1884 1931 1956
    1986
PTE_U 0885
    0885 1670 1811 1872 1936
    1991
PTE_W 0884
    0884 1363 1365 1670 1729
    1731 1732 1811 1872
PTX 0865
    0865 1672
PTXSHIFT 0876
    0865 0868 0876
pushcli 1555
    0431 1476 1555 1775
queue 9300 2864
    2160 2165 2166 2179 2180
    2181 2278 2864 2873 2876
    2902 9300
rcr2 0632
    0632 3333 3340
readeflags 0594
    0594 1559 1568 2618 7058
read_head 4688
    4688 4720
readi 5302
    0350 1833 5302 5380 5416
    5675 5919 5920 6229 6240
readsb 4878
    0336 4663 4878 4934 5021
readsect 9010
    9010 9045
readseg 9029
    8964 8977 8988 9029
recover_from_log 4718
    4652 4667 4718
REDIR 8209
    8209 8285 8531 8821
redircmd 8226 8525
    8226 8268 8286 8525 8527
    8725 8728 8731 8809 8822
REG_ID 7210
    7210 7260
REG_TABLE 7212
    7212 7267 7268 7281 7282
REG_VER 7211
    7211 7259
release 1502
    0430 1502 1505 2214 2224
    2230 2259 2282 2311 2357
    2383 2478 2485 2534 2544
    2577 2589 2598 2624 2646
    2657 2690 2702 2728 2748
    2752 2779 2819 2856 3080
    3097 3302 3776 3781 3794
    4359 4378 4415 4523 4539
    4593 4739 4768 4777 4840
    5086 5105 5117 5136 5164
    5183 5192 5583 5587 5608
    5622 5628 6422 6425 6437
    6446 6458 6469 7701 7826
    7844 7864 7879
ROOTDEV 0157
    0157 2664 2665 5479
ROOTINO 4104
    4104 5479
rtcdate 0250
    0250 0306 0374 3809 7150
    7161 7163 9162
run 3014
    2767 2812 3014 3015 3021
    3066 3076 3089 9229
runcmd 8261
    8261 8275 8292 8298 8300
    8312 8319 8330 8485
RUNNING 2105
    2105 2530 2585 2616 2767
    2812 3352
safestrcpy 6582
    0438 2300 2372 2847 2848
    6286 6582
sb 4874
    0336 4154 4160 4661 4663
    4664 4665 4874 4878 4883
    4910 4911 4912 4934 4935
    5021 5022 5023 5037 5038
    5059 5139 7164 7166 7168
sched 2606
    0415 2440 2606 2613 2615
    2617 2619 2645 2696
scheduler 2510 2553
    0414 1317 2061 2510 2537
    2553 2592 2634
SCROLLLOCK 7414
    7414 7447
SECS 7129
    7129 7152
SECTOR_SIZE 4264
    4264 4331
SECTSIZE 8962
    8962 9023 9036 9039 9044
SEG 0819
    0819 1625 1626 1627 1628
    1631
SEG16 0823
    0823 1776
SEG_ASM 0710
    0710 1228 1229 8929 8930
segdesc 0802
    0559 0562 0802 0819 0823
    1611 2063
seginit 1616
    0465 1273 1305 1616
SEG_KCODE 0791
    0791 1188 1625 3272 3273
    8899
SEG_KCPU 0793
    0793 1631 1634 3216
SEG_KDATA 0792
    0792 1192 1626 1778 3213
    8903
SEG_NULLASM 0704
    0704 1227 8928
SEG_TSS 0796
    0796 1776 1777 1780
SEG_UCODE 0794
    0794 1627 2292
SEG_UDATA 0795
    0795 1628 2293
setbuiltin 8376
    8376 8425
SETGATE 0971
    0971 3272 3273
setupkvm 1737
    0468 1737 1759 1960 2287
    6234
SHIFT 7408
    7408 7436 7437 7585
skipelem 5445
    5445 5483
sleep 2674
    0416 2490 2674 2677 2680
    2765 2810 3779 4412 4526
    4733 4736 5134 6441 6461
    7848 8129
spinlock 1401
    0307 0416 0426 0428 0429
    0430 0457 1401 1459 1462
    1474 1502 1544 2157 2163
    2674 3009 3019 3258 3263
    4260 4277 4475 4480 4603
    4638 4867 5013 5559 5563
    6357 6362 7608 7621 7956
STA_R 0719 0836
    0719 0836 1228 1625 1627
    8929
start 1175 8058 8861
    1174 1175 1205 1213 1215
    4639 4664 4677 4690 4706
    4788 5022 8057 8058 8860
    8861 8912 9213 9229
startothers 1324
    1258 1286 1324
stat 4054
    0308 0332 0351 4054 4864
    5287 5652 5759 5854 8153
    9053
stati 5287
    0351 5287 5656
STA_W 0718 0835
    0718 0835 1229 1626 1628
    1631 8930
STA_X 0715 0832
    0715 0832 1228 1625 1627
    8929
sti 0613
    0613 0615 1573 2517 2565
stosb 0542
    0542 0544 6510 8990
stosl 0551
    0551 0553 6508
strlen 6601
    0439 6267 6268 6601 8380
    8383 8389 8403 8435 8473
    8673
strncmp 6558 8354
    0440 5365 6558 8354 8381
    8382 8384 8388 8390 8404
    8405 8409 8435
strncpy 6568
    0441 5422 6568
STS_IG32 0850
    0850 0977
STS_T32A 0847
    0847 1776
STS_TG32 0851
    0851 0977
sum 6776
    6776 6778 6780 6782 6783
    6795 6842
superblock 4112
    0309 0336 4112 4661 4874
    4878
SVR 6967
    6967 7009
switchkvm 1766
    0477 1304 1760 1766 2538
    2593
switchuvm 1773
    0476 1773 1782 2330 2529
    2584 6294
swtch 2958
    0423 2537 2592 2634 2957
    2958
syscall 3638
    0449 3291 3457 3638
SYSCALL 8103 8110 8111 8112 8113 8114 8115 8116 8117 8118 8119 8120 8121 8122 8123 8124 8125 8126 8127 8128 8129 8130 8131 8133 8135 8136 8137 8139 8140 8141 8143
    8110 8111 8112 8113 8114
    8115 8116 8117 8118 8119
    8120 8121 8122 8123 8124
    8125 8126 8127 8128 8129
    8130 8131 8133 8135 8136
    8137 8139 8140 8141 8143
sys_chdir 6122
    3529 3575 3619 6122
SYS_chdir 3409
    3409 3410 3575 3619
sys_close 5839
    3530 3587 3631 5839
SYS_close 3421
    3421 3422 3587 3631
SYS_date 3425
    3425 3427 3591
sys_dup 5801
    3531 3576 3620 5801
SYS_dup 3410
    3410 3411 3576 3620
sys_exec 6151
    3532 3573 3617 6151
SYS_exec 3407
    3407 3408 3573 3617 8062
sys_exit 3716
    3533 3568 3612 3716
SYS_exit 3402
    3402 3403 3568 3612 8067
sys_fork 3710
    3534 3567 3611 3710
SYS_fork 3401
    3401 3402 3567 3611
sys_fstat 5851
    3535 3574 3618 5851
SYS_fstat 3408
    3408 3409 3574 3618
sys_getgid 3826
    3556 3594 3826
SYS_getgid 3428
    3428 3429 3594
sys_getpid 3739
    3536 3577 3621 3739
SYS_getpid 3411
    3411 3412 3577 3621
sys_getppid 3832
    3557 3595 3832
SYS_getppid 3429
    3429 3431 3595
sys_getprocs 2804
    2804 3562 3600
SYS_getprocs 3433
    3433 3436 3600
sys_getuid 3820
    3555 3593 3820
SYS_getuid 3427
    3427 3428 3593
SYS_halt 3422
    3422 3425 3588 3632
sys_kill 3729
    3537 3572 3616 3729
SYS_kill 3406
    3406 3407 3572 3616
sys_link 5863
    3538 3585 3629 5863
SYS_link 3419
    3419 3420 3585 3629
sys_mkdir 6080
    3539 3586 3630 6080
SYS_mkdir 3420
    3420 3421 3586 3630
sys_mknod 6101
    3540 3583 3627 6101
SYS_mknod 3417
    3417 3418 3583 3627
sys_open 6030
    3541 3581 3625 6030
SYS_open 3415
    3415 3416 3581 3625
sys_pipe 6177
    3542 3570 3614 6177
SYS_pipe 3404
    3404 3405 3570 3614
sys_read 5815
    3543 3571 3615 5815
SYS_read 3405
    3405 3406 3571 3615
sys_sbrk 3751
    3544 3578 3622 3751
SYS_sbrk 3412
    3412 3413 3578 3622
sys_setgid 3867
    3560 3598 3867
SYS_setgid 3432
    3432 3433 3598
sys_setpriority 3883
    3564 3603 3883
SYS_setpriority 3436
    3436 3603
sys_setuid 3851
    3559 3597 3851
SYS_setuid 3431
    3431 3432 3597
sys_sleep 3765
    3545 3579 3623 3765
SYS_sleep 3413
    3413 3414 3579 3623
sys_unlink 5928
    3546 3584 3628 5928
SYS_unlink 3418
    3418 3419 3584 3628
sys_uptime 3788
    3549 3580 3624 3788
SYS_uptime 3414
    3414 3415 3580 3624
sys_wait 3723
    3547 3569 3613 3723
SYS_wait 3403
    3403 3404 3569 3613
sys_write 5827
    3548 3582 3626 5827
SYS_write 3416
    3416 3417 3582 3626
taskstate 0901
    0901 2062
TDCR 6991
    6991 7015
T_DEV 4052
    4052 5307 5334 6112 9058
T_DIR 4050
    4050 5376 5485 5878 5956
    5964 6013 6054 6086 6133
    9056
T_FILE 4051
    4051 5998 6043 9057
ticks 3264
    0455 2258 2533 2588 2623
    2778 2818 3264 3301 3303
    3773 3774 3779 3793
tickslock 3263
    0457 2257 2259 2532 2534
    2587 2589 2622 2624 2777
    2779 2817 2819 3263 3275
    3300 3302 3772 3776 3779
    3781 3792 3794
TICR 6989
    6989 7017
TIMER 6981
    6981 7016
TIMER_16BIT 7921
    7921 7927
TIMER_DIV 7916
    7916 7928 7929
TIMER_FREQ 7915
    7915 7916
timerinit 7924
    0451 1285 7924
TIMER_MODE 7918
    7918 7927
TIMER_RATEGEN 7920
    7920 7927
TIMER_SEL0 7919
    7919 7927
T_IRQ0 3129
    3129 3298 3307 3311 3314
    3318 3322 3323 3352 7009
    7016 7029 7267 7281 7347
    7366
TPR 6965
    6965 7045
trap 3285
    3152 3154 3222 3285 3332
    3334 3337
trapframe 0652
    0652 2115 2242 3285
trapret 3227
    2175 2247 3226 3227
T_SYSCALL 3126
    3126 3273 3287 8063 8068
    8107
tvinit 3267
    0456 1280 3267
uart 7965
    7965 7986 8005 8015
uartgetc 8013
    8013 8025
uartinit 7968
    0460 1278 7968
uartintr 8023
    0461 3319 8023
uartputc 8001
    0462 7773 7775 7997 8001
updateBudget 2922
    2182 2628 2922
userinit 2268
    0417 1288 2268 2288
uva2ka 1984
    0469 1984 2012
V2P 0217
    0217 1730 1731
V2P_WO 0220
    0220 1086 1096
VER 6964
    6964 7025
wait 2453
    0418 2453 3725 8112 8183
    8299 8323 8324 8486 9225
waitdisk 9001
    9001 9013 9022
wakeup 2724
    0419 2724 3303 4372 4591
    4766 4776 5163 5189 6416
    6419 6440 6445 6468 7820
wakeup1 2710
    2185 2428 2435 2710 2727
walkpgdir 1654
    1654 1687 1826 1892 1933
    1963 1988
write_head 4704
    4704 4723 4805 4808
writei 5329
    0352 5329 5424 5709 5962
    5963
write_log 4783
    4783 4804
xchg 0619
    0619 1316 1483 1519
YEAR 7134
    7134 7157
yield 2640
    0420 2640 3353
